idpacket:0.00  fecha:200420  tiempo:1153400  latitud:3.534990  longitud:-76.316269  velocidad:0.315  altitud:1009.200  
idpacket:1.00  fecha:200420  tiempo:1153600  latitud:3.534990  longitud:-76.316271  velocidad:0.296  altitud:1008.800  
idpacket:2.00  fecha:200420  tiempo:1153600  latitud:3.534990  longitud:-76.316271  velocidad:0.296  altitud:1008.800  
